喻家山      1      47      60      0      600      9999      9999      300      1000      9999      500      600      9999      700      9999      
校史馆      1      417      310      600      0      150      9999      400      9999      9999      250      900      9999      9999      9999      
醉晚亭      1      580      405      9999      150      0      150      9999      9999      550      9999      1000      9999      9999      9999      
光谷体育馆      1      600      650      9999      9999      150      0      9999      950      9999      9999      9999      200      9999      200      
华工建校纪念碑      1      187      271      300      400      9999      9999      0      9999      100      9999      9999      9999      500      9999      
爱因斯坦广场      1      870      170      1000      9999      9999      950      9999      0      9999      9999      200      9999      9999      600      
青年园      1      279      390      9999      9999      550      9999      100      9999      0      9999      9999      600      300      9999      
计算机机房      0      441      179      500      250      9999      9999      9999      9999      9999      0      9999      9999      9999      9999      
韵苑公寓      0      778      31      600      900      1000      9999      9999      200      9999      9999      0      9999      9999      9999      
沁苑公寓      0      331      630      9999      9999      9999      200      9999      9999      600      9999      9999      0      800      9999      
紫菘公寓      0      48      471      700      9999      9999      9999      500      9999      300      9999      9999      800      0      9999      
东九楼      0      828      501      9999      9999      9999      200      9999      600      9999      9999      9999      9999      9999      0      
